<?xml version="1.0"?>
<opencv_storage>
<trainingLabels type_id="opencv-matrix">
  <rows>403</rows>
  <cols>1</cols>
  <dt>i</dt>
  <data>
    1 1 1 1 1 0 1 0 1 0 1 0 1 0 1 0 1 0 1 0 0 1 1 1 1 1 1 0 1 1 0 1 0 1
    0 1 0 1 0 1 0 1 1 1 1 1 0 1 0 1 0 1 1 0 1 0 1 0 1 0 1 0 1 0 1 0 1 0
    1 0 1 0 1 0 1 0 0 1 0 1 0 1 0 0 1 0 1 0 1 0 1 0 1 0 1 0 0 1 0 1 0 1
    0 1 0 1 1 1 0 1 0 1 0 1 1 0 1 0 1 0 1 0 1 1 1 0 1 0 1 0 1 0 1 0 1 0
    1 0 1 0 1 0 1 0 1 0 1 0 1 0 1 0 1 0 1 0 1 0 1 1 0 1 1 0 1 1 1 1 0 1
    0 1 0 1 0 1 0 1 0 1 0 1 0 1 1 0 1 0 1 0 1 0 1 0 1 0 1 0 1 0 1 0 1 0
    1 0 1 1 1 0 1 0 1 0 1 1 1 0 0 1 0 1 0 1 1 0 1 0 1 0 1 0 1 1 1 1 1 1
    0 1 1 1 1 0 1 0 0 1 0 1 0 1 0 1 0 1 0 1 0 1 0 1 0 1 0 1 0 1 1 0 1 0
    1 1 1 1 0 1 0 1 0 1 0 1 1 0 1 0 1 0 1 0 1 1 0 1 1 1 1 1 0 1 0 1 0 1
    0 1 0 1 0 1 0 0 1 0 1 0 1 0 1 0 1 0 1 0 1 0 1 0 1 0 1 0 1 0 1 0 1 0
    1 1 1 0 1 0 1 0 1 0 1 0 1 0 1 1 1 1 0 1 0 1 0 1 0 1 0 1 0 1 0 1 0 1
    0 1 0 1 1 0 1 0 1 0 1 0 1 1 0 1 0 1 0 1 0 1 0 1 0 1 0 1 0</data></trainingLabels>
</opencv_storage>
